Particula	MCS	Cell	Neigh	Numero_ag	Tamaño_ag
06x06	0	6305	0.6305	2192	12.8
06x06	400	8333	0.8333	2481	17
06x06	800	8764	0.8764	2339	20.2
06x06	1200	9012	0.9012	2270	21.6
06x06	1600	9119	0.9119	2197	21
06x06	2000	9208	0.9208	2136	22
06x06	2400	9314	0.9314	2026	24.4
06x06	2800	9366	0.9366	1967	26.6
06x06	3200	9432	0.9432	1921	26.2
06x06	3600	9479	0.9479	1863	28.6
06x06	4000	9516	0.9516	1815	26.2
06x06	4400	9550	0.955	1766	30.4
06x06	4800	9574	0.9574	1722	31.8
06x06	5200	9610	0.961	1698	28.4
06x06	5600	9614	0.9614	1681	30.4
06x06	6000	9639	0.9639	1620	30.8
06x06	6400	9663	0.9663	1574	34.6
06x06	6800	9668	0.9668	1531	32.8
06x06	7200	9670	0.967	1494	35.2
06x06	7600	9679	0.9679	1466	38.2
06x06	8000	9688	0.9688	1469	36
06x06	8400	9688	0.9688	1464	45.8
06x06	8800	9701	0.9701	1445	50.4
06x06	9200	9703	0.9703	1441	44
06x06	9600	9700	0.97	1428	39.4
06x06	10000	9698	0.9698	1401	37.4
06x06	0	6210	0.621	2148	12.4
06x06	400	8367	0.8367	2550	14
06x06	800	8767	0.8767	2421	17.2
06x06	1200	9028	0.9028	2307	19.6
06x06	1600	9128	0.9128	2199	23
06x06	2000	9247	0.9247	2112	22.2
06x06	2400	9315	0.9315	2041	25.4
06x06	2800	9377	0.9377	1948	28.2
06x06	3200	9429	0.9429	1885	28.6
06x06	3600	9467	0.9467	1844	28.4
06x06	4000	9506	0.9506	1784	27.2
06x06	4400	9550	0.955	1756	31.2
06x06	4800	9575	0.9575	1733	29.4
06x06	5200	9598	0.9598	1694	32.6
06x06	5600	9624	0.9624	1652	30.2
06x06	6000	9641	0.9641	1627	29.4
06x06	6400	9636	0.9636	1588	30.8
06x06	6800	9638	0.9638	1575	32.2
06x06	7200	9666	0.9666	1545	33
06x06	7600	9688	0.9688	1536	34.4
06x06	8000	9674	0.9674	1503	39.2
06x06	8400	9680	0.968	1459	47.2
06x06	8800	9685	0.9685	1478	39.4
06x06	9200	9692	0.9692	1444	41.6
06x06	9600	9706	0.9706	1434	34.8
06x06	10000	9723	0.9723	1423	41.2
06x06	0	6141	0.6141	2079	13
06x06	400	8243	0.8243	2424	12.6
06x06	800	8726	0.8726	2329	21.6
06x06	1200	8965	0.8965	2240	23.8
06x06	1600	9128	0.9128	2149	26.2
06x06	2000	9218	0.9218	2101	28.4
06x06	2400	9298	0.9298	2024	28
06x06	2800	9353	0.9353	1972	26.4
06x06	3200	9433	0.9433	1920	26.4
06x06	3600	9456	0.9456	1876	27.8
06x06	4000	9501	0.9501	1818	28.4
06x06	4400	9522	0.9522	1768	31.6
06x06	4800	9533	0.9533	1734	28.4
06x06	5200	9570	0.957	1688	32
06x06	5600	9591	0.9591	1670	29.4
06x06	6000	9621	0.9621	1641	31.6
06x06	6400	9627	0.9627	1603	35.2
06x06	6800	9642	0.9642	1604	39
06x06	7200	9651	0.9651	1576	31.2
06x06	7600	9660	0.966	1559	35.6
06x06	8000	9671	0.9671	1536	31.6
06x06	8400	9662	0.9662	1507	39.2
06x06	8800	9680	0.968	1492	40.6
06x06	9200	9682	0.9682	1484	38.4
06x06	9600	9700	0.97	1488	38.8
06x06	10000	9697	0.9697	1453	42.2
06x06	0	6161	0.6161	2103	10.4
06x06	400	8283	0.8283	2429	13.6
06x06	800	8742	0.8742	2320	15.6
06x06	1200	8949	0.8949	2252	20.6
06x06	1600	9089	0.9089	2125	24
06x06	2000	9188	0.9188	2028	25.6
06x06	2400	9264	0.9264	1974	26.6
06x06	2800	9344	0.9344	1935	26.8
06x06	3200	9406	0.9406	1893	28.2
06x06	3600	9431	0.9431	1858	27.8
06x06	4000	9482	0.9482	1811	32.6
06x06	4400	9515	0.9515	1787	31.2
06x06	4800	9545	0.9545	1764	33.2
06x06	5200	9591	0.9591	1710	35.8
06x06	5600	9602	0.9602	1674	35.4
06x06	6000	9606	0.9606	1628	36.2
06x06	6400	9624	0.9624	1629	33.8
06x06	6800	9629	0.9629	1569	36
06x06	7200	9639	0.9639	1568	35.4
06x06	7600	9659	0.9659	1548	33.2
06x06	8000	9666	0.9666	1520	39.8
06x06	8400	9680	0.968	1501	38.4
06x06	8800	9678	0.9678	1508	38
06x06	9200	9694	0.9694	1485	38
06x06	9600	9683	0.9683	1475	38.2
06x06	10000	9707	0.9707	1459	38.4
06x06	0	6219	0.6219	2189	14.4
06x06	400	8260	0.826	2444	15.2
06x06	800	8729	0.8729	2389	15.6
06x06	1200	8967	0.8967	2300	19.6
06x06	1600	9091	0.9091	2206	22
06x06	2000	9197	0.9197	2125	21.8
06x06	2400	9293	0.9293	2030	29
06x06	2800	9353	0.9353	1977	22.8
06x06	3200	9417	0.9417	1924	23.6
06x06	3600	9468	0.9468	1888	27.4
06x06	4000	9504	0.9504	1855	23.6
06x06	4400	9544	0.9544	1799	27.2
06x06	4800	9564	0.9564	1741	26.2
06x06	5200	9582	0.9582	1742	29
06x06	5600	9598	0.9598	1677	32.4
06x06	6000	9615	0.9615	1646	31
06x06	6400	9639	0.9639	1596	33.4
06x06	6800	9642	0.9642	1586	29.6
06x06	7200	9647	0.9647	1571	30.4
06x06	7600	9662	0.9662	1539	30.4
06x06	8000	9666	0.9666	1505	35
06x06	8400	9671	0.9671	1506	33.2
06x06	8800	9688	0.9688	1470	37.2
06x06	9200	9697	0.9697	1461	36.6
06x06	9600	9704	0.9704	1444	36.6
06x06	10000	9714	0.9714	1452	34.4
41x10	0	9480	0.948	808	222.4
41x10	400	9862	0.9862	513	465.2
41x10	800	9877	0.9877	483	408.2
41x10	1200	9874	0.9874	479	431.8
41x10	1600	9872	0.9872	510	515.6
41x10	2000	9873	0.9873	509	529.8
41x10	2400	9873	0.9873	514	536.2
41x10	2800	9866	0.9866	512	436.2
41x10	3200	9865	0.9865	522	443.4
41x10	3600	9865	0.9865	516	510.6
41x10	4000	9868	0.9868	515	461.8
41x10	4400	9861	0.9861	537	426
41x10	4800	9862	0.9862	556	389.6
41x10	5200	9862	0.9862	534	511.2
41x10	5600	9855	0.9855	533	469.6
41x10	6000	9854	0.9854	532	485.2
41x10	6400	9854	0.9854	549	534.4
41x10	6800	9854	0.9854	564	527.8
41x10	7200	9849	0.9849	577	477.8
41x10	7600	9850	0.985	573	441.2
41x10	8000	9842	0.9842	586	366.4
41x10	8400	9840	0.984	586	444.6
41x10	8800	9848	0.9848	587	439.4
41x10	9200	9847	0.9847	594	338.2
41x10	9600	9851	0.9851	602	404.2
41x10	10000	9847	0.9847	609	450.4
41x10	0	9442	0.9442	769	209.8
41x10	400	9837	0.9837	536	309.8
41x10	800	9844	0.9844	476	414.4
41x10	1200	9845	0.9845	477	370.6
41x10	1600	9849	0.9849	503	438.6
41x10	2000	9851	0.9851	491	466.4
41x10	2400	9843	0.9843	499	362.2
41x10	2800	9838	0.9838	515	403.4
41x10	3200	9837	0.9837	524	369.2
41x10	3600	9833	0.9833	534	429.8
41x10	4000	9836	0.9836	525	443.2
41x10	4400	9839	0.9839	554	399
41x10	4800	9838	0.9838	547	438.2
41x10	5200	9836	0.9836	559	411
41x10	5600	9832	0.9832	560	483.4
41x10	6000	9834	0.9834	571	398.6
41x10	6400	9830	0.983	567	365
41x10	6800	9831	0.9831	584	388.8
41x10	7200	9834	0.9834	580	419.2
41x10	7600	9834	0.9834	572	317
41x10	8000	9831	0.9831	574	457.2
41x10	8400	9829	0.9829	602	436.6
41x10	8800	9819	0.9819	572	464.4
41x10	9200	9817	0.9817	591	386
41x10	9600	9807	0.9807	590	360.4
41x10	10000	9819	0.9819	591	423.2
41x10	0	28254	2.8254	807	200.2
41x10	400	29496	2.9496	529	498.2
41x10	800	19680	1.968	486	526.8
41x10	1200	9842	0.9842	466	477.2
41x10	1600	9844	0.9844	486	497.2
41x10	2000	9840	0.984	495	519
41x10	2400	9837	0.9837	499	357.4
41x10	2800	9837	0.9837	508	356.6
41x10	3200	9833	0.9833	533	413.6
41x10	3600	9826	0.9826	533	455.2
41x10	4000	9829	0.9829	523	410.2
41x10	4400	9820	0.982	530	432
41x10	4800	9824	0.9824	570	462.6
41x10	5200	9822	0.9822	545	428
41x10	5600	9826	0.9826	550	404
41x10	6000	9820	0.982	566	445
41x10	6400	9810	0.981	554	451.4
41x10	6800	9816	0.9816	555	479.8
41x10	7200	9822	0.9822	571	444
41x10	7600	9825	0.9825	581	410.2
41x10	8000	9823	0.9823	582	345.4
41x10	8400	9803	0.9803	592	358.8
41x10	8800	9802	0.9802	596	364.6
41x10	9200	9805	0.9805	596	415.4
41x10	9600	9810	0.981	601	372
41x10	10000	9814	0.9814	607	400.6
41x10	0	9476	0.9476	824	137.8
41x10	400	9843	0.9843	520	250.2
41x10	800	9859	0.9859	471	415.4
41x10	1200	9861	0.9861	457	465.4
41x10	1600	9853	0.9853	489	533.6
41x10	2000	9852	0.9852	507	468.6
41x10	2400	9851	0.9851	492	448.6
41x10	2800	9836	0.9836	510	381.8
41x10	3200	9847	0.9847	525	424.8
41x10	3600	9846	0.9846	532	444.2
41x10	4000	9835	0.9835	541	468.2
41x10	4400	9838	0.9838	543	472.6
41x10	4800	9830	0.983	551	471.2
41x10	5200	9838	0.9838	533	499.4
41x10	5600	9837	0.9837	545	417.2
41x10	6000	9841	0.9841	547	458
41x10	6400	9840	0.984	579	341.4
41x10	6800	9837	0.9837	573	412.6
41x10	7200	9843	0.9843	577	428.4
41x10	7600	9832	0.9832	572	424.8
41x10	8000	9827	0.9827	578	460.6
41x10	8400	9829	0.9829	573	420.6
41x10	8800	9834	0.9834	567	449
41x10	9200	9817	0.9817	591	391.8
41x10	9600	9823	0.9823	593	372.6
41x10	10000	9825	0.9825	602	339
41x10	0	9426	0.9426	816	160.4
41x10	400	9840	0.984	513	347
41x10	800	9849	0.9849	495	535
41x10	1200	9854	0.9854	493	455
41x10	1600	9852	0.9852	493	427.4
41x10	2000	9851	0.9851	505	444.4
41x10	2400	9846	0.9846	492	482.6
41x10	2800	9848	0.9848	507	447.2
41x10	3200	9842	0.9842	509	505.8
41x10	3600	9841	0.9841	515	459.8
41x10	4000	9840	0.984	538	478.8
41x10	4400	9832	0.9832	536	428.2
41x10	4800	9834	0.9834	561	450.6
41x10	5200	9827	0.9827	563	516
41x10	5600	9826	0.9826	570	463.6
41x10	6000	9828	0.9828	574	373.6
41x10	6400	9828	0.9828	562	344.4
41x10	6800	9822	0.9822	575	325.6
41x10	7200	9822	0.9822	574	384
41x10	7600	9820	0.982	594	359
41x10	8000	9818	0.9818	587	429.6
41x10	8400	9819	0.9819	596	330
41x10	8800	9817	0.9817	611	329
41x10	9200	9815	0.9815	589	345.8
41x10	9600	9819	0.9819	593	435
41x10	10000	9820	0.982	602	355.6
00x00	0	5267	0.5267	2020	8
00x00	400	8598	0.8598	2342	19.6
00x00	800	9053	0.9053	2162	27
00x00	1200	9267	0.9267	2017	26.6
00x00	1600	9403	0.9403	1916	33.6
00x00	2000	9529	0.9529	1809	31.2
00x00	2400	9602	0.9602	1710	38
00x00	2800	9670	0.967	1626	39.8
00x00	3200	9700	0.97	1587	39.4
00x00	3600	9725	0.9725	1551	34.6
00x00	4000	9744	0.9744	1518	37.4
00x00	4400	9773	0.9773	1454	40.4
00x00	4800	9787	0.9787	1431	42.2
00x00	5200	9796	0.9796	1398	37.2
00x00	5600	9798	0.9798	1392	39.4
00x00	6000	9807	0.9807	1367	34.6
00x00	6400	9812	0.9812	1333	35.4
00x00	6800	9817	0.9817	1303	41.6
00x00	7200	9819	0.9819	1284	42.8
00x00	7600	9822	0.9822	1250	43.8
00x00	8000	9837	0.9837	1263	45.8
00x00	8400	9831	0.9831	1241	42.2
00x00	8800	9840	0.984	1229	45.4
00x00	9200	9845	0.9845	1218	37.8
00x00	9600	9848	0.9848	1210	48.8
00x00	10000	9862	0.9862	1190	51
00x00	0	5120	0.512	1969	9.4
00x00	400	8564	0.8564	2347	18.4
00x00	800	9048	0.9048	2206	19.4
00x00	1200	9314	0.9314	2043	25.2
00x00	1600	9430	0.943	1913	28.8
00x00	2000	9514	0.9514	1827	27.8
00x00	2400	9591	0.9591	1735	31.8
00x00	2800	9650	0.965	1698	34.8
00x00	3200	9693	0.9693	1624	34
00x00	3600	9714	0.9714	1571	38.2
00x00	4000	9729	0.9729	1527	31
00x00	4400	9748	0.9748	1482	34.6
00x00	4800	9762	0.9762	1464	37.2
00x00	5200	9766	0.9766	1405	41.6
00x00	5600	9782	0.9782	1378	41.2
00x00	6000	9792	0.9792	1371	36.4
00x00	6400	9797	0.9797	1366	37.6
00x00	6800	9799	0.9799	1320	40.2
00x00	7200	9803	0.9803	1285	44.4
00x00	7600	9812	0.9812	1321	41.6
00x00	8000	9811	0.9811	1269	37.6
00x00	8400	9814	0.9814	1286	38.8
00x00	8800	9818	0.9818	1247	43.8
00x00	9200	9821	0.9821	1220	45.4
00x00	9600	9825	0.9825	1199	45.2
00x00	10000	9829	0.9829	1212	42.2
00x00	0	5206	0.5206	1973	9.2
00x00	400	8523	0.8523	2272	20.6
00x00	800	9020	0.902	2146	26.2
00x00	1200	9262	0.9262	2043	25.6
00x00	1600	9427	0.9427	1912	27.2
00x00	2000	9529	0.9529	1820	27.2
00x00	2400	9593	0.9593	1738	28.8
00x00	2800	9649	0.9649	1654	29.2
00x00	3200	9681	0.9681	1581	26.4
00x00	3600	9718	0.9718	1573	27.6
00x00	4000	9749	0.9749	1518	30
00x00	4400	9760	0.976	1486	30.6
00x00	4800	9781	0.9781	1468	31.8
00x00	5200	9790	0.979	1409	37
00x00	5600	9803	0.9803	1414	42
00x00	6000	9802	0.9802	1374	38.6
00x00	6400	9803	0.9803	1374	39.2
00x00	6800	9820	0.982	1339	42.4
00x00	7200	9829	0.9829	1303	39.8
00x00	7600	9839	0.9839	1289	40.2
00x00	8000	9848	0.9848	1286	41.2
00x00	8400	9855	0.9855	1258	41.4
00x00	8800	9849	0.9849	1246	43.8
00x00	9200	9856	0.9856	1239	42.6
00x00	9600	9856	0.9856	1217	46.4
00x00	10000	9859	0.9859	1206	45.4
00x00	0	5194	0.5194	1958	10.2
00x00	400	8625	0.8625	2350	18
00x00	800	9078	0.9078	2146	22.6
00x00	1200	9304	0.9304	1994	23.6
00x00	1600	9425	0.9425	1855	29.8
00x00	2000	9527	0.9527	1778	31
00x00	2400	9588	0.9588	1691	30.8
00x00	2800	9632	0.9632	1622	37.4
00x00	3200	9671	0.9671	1554	33.2
00x00	3600	9707	0.9707	1524	43.4
00x00	4000	9729	0.9729	1466	39.4
00x00	4400	9752	0.9752	1437	40.8
00x00	4800	9759	0.9759	1407	42.4
00x00	5200	9776	0.9776	1367	46.8
00x00	5600	9783	0.9783	1336	41
00x00	6000	9786	0.9786	1307	42
00x00	6400	9796	0.9796	1336	43.2
00x00	6800	9804	0.9804	1295	41.8
00x00	7200	9810	0.981	1273	41.6
00x00	7600	9808	0.9808	1255	41.4
00x00	8000	9811	0.9811	1204	46.8
00x00	8400	9818	0.9818	1211	46.8
00x00	8800	9815	0.9815	1195	56.4
00x00	9200	9811	0.9811	1190	48.2
00x00	9600	9816	0.9816	1207	45
00x00	10000	9827	0.9827	1191	45.6
09x61	0	5206	0.5206	1983	10.4
09x61	400	8501	0.8501	2329	17.4
09x61	800	8979	0.8979	2174	20.4
09x61	1200	9238	0.9238	2020	26.6
09x61	1600	9405	0.9405	1904	28.6
09x61	2000	9502	0.9502	1825	32.6
09x61	2400	9593	0.9593	1719	32.2
09x61	2800	9635	0.9635	1644	32.4
09x61	3200	9673	0.9673	1592	33.2
09x61	3600	9695	0.9695	1532	38.4
09x61	4000	9720	0.972	1461	40.8
09x61	4400	9744	0.9744	1459	39.8
09x61	4800	9760	0.976	1394	38.6
09x61	5200	9770	0.977	1371	40.6
09x61	5600	9784	0.9784	1315	41
09x61	6000	9804	0.9804	1303	52.4
09x61	6400	9803	0.9803	1262	46.4
09x61	6800	9809	0.9809	1252	52.2
09x61	7200	9815	0.9815	1239	53.2
09x61	7600	9823	0.9823	1214	51.2
09x61	8000	9830	0.983	1229	51.8
09x61	8400	9822	0.9822	1195	44.6
09x61	8800	9835	0.9835	1188	44.8
09x61	9200	9839	0.9839	1189	43
09x61	9600	9845	0.9845	1166	51
09x61	10000	9846	0.9846	1153	46
09x61	0	5226	0.5226	1980	9.2
09x61	400	8590	0.859	2350	16.2
09x61	800	9057	0.9057	2189	23
09x61	1200	9293	0.9293	2047	24.4
09x61	1600	9445	0.9445	1946	23.6
09x61	2000	9527	0.9527	1851	25.6
09x61	2400	9591	0.9591	1768	25.6
09x61	2800	9651	0.9651	1699	25.8
09x61	3200	9689	0.9689	1630	31.4
09x61	3600	9723	0.9723	1583	35
09x61	4000	9736	0.9736	1533	37.2
09x61	4400	9749	0.9749	1464	37.6
09x61	4800	9760	0.976	1419	36.4
09x61	5200	9776	0.9776	1389	41
09x61	5600	9790	0.979	1381	42.4
09x61	6000	9803	0.9803	1368	42
09x61	6400	9806	0.9806	1357	40.4
09x61	6800	9811	0.9811	1336	49
09x61	7200	9816	0.9816	1287	45.4
09x61	7600	9824	0.9824	1254	57
09x61	8000	9824	0.9824	1244	45.8
09x61	8400	9832	0.9832	1219	43
09x61	8800	9835	0.9835	1193	46
09x61	9200	9834	0.9834	1192	41.2
09x61	9600	9823	0.9823	1211	44.2
09x61	10000	9828	0.9828	1200	47.6
09x61	0	5251	0.5251	1965	10.2
09x61	400	8600	0.86	2307	20
09x61	800	9091	0.9091	2145	26.6
09x61	1200	9330	0.933	2008	28.6
09x61	1600	9459	0.9459	1890	29.6
09x61	2000	9562	0.9562	1773	28.8
09x61	2400	9603	0.9603	1681	30.8
09x61	2800	9642	0.9642	1638	32.6
09x61	3200	9685	0.9685	1593	34
09x61	3600	9718	0.9718	1538	36
09x61	4000	9751	0.9751	1495	35.6
09x61	4400	9759	0.9759	1469	38.2
09x61	4800	9766	0.9766	1416	45
09x61	5200	9769	0.9769	1380	37.8
09x61	5600	9772	0.9772	1380	37.8
09x61	6000	9793	0.9793	1355	40.2
09x61	6400	9811	0.9811	1325	43.2
09x61	6800	9818	0.9818	1318	40.8
09x61	7200	9827	0.9827	1267	42.2
09x61	7600	9832	0.9832	1232	46
09x61	8000	9825	0.9825	1220	47.4
09x61	8400	9829	0.9829	1207	45
09x61	8800	9830	0.983	1217	45.6
09x61	9200	9837	0.9837	1205	56
09x61	9600	9842	0.9842	1209	44.2
09x61	10000	9849	0.9849	1186	51.6
09x61	0	5271	0.5271	1999	12.4
09x61	400	8630	0.863	2356	16
09x61	800	9055	0.9055	2133	24.4
09x61	1200	9302	0.9302	1999	29
09x61	1600	9433	0.9433	1918	27.2
09x61	2000	9534	0.9534	1812	36
09x61	2400	9603	0.9603	1710	35
09x61	2800	9661	0.9661	1670	37.4
09x61	3200	9693	0.9693	1599	34
09x61	3600	9723	0.9723	1541	35
09x61	4000	9748	0.9748	1503	37.6
09x61	4400	9764	0.9764	1491	34.2
09x61	4800	9782	0.9782	1458	40.8
09x61	5200	9792	0.9792	1397	41
09x61	5600	9793	0.9793	1382	39.6
09x61	6000	9786	0.9786	1335	41.8
09x61	6400	9800	0.98	1323	42
09x61	6800	9811	0.9811	1307	37.2
09x61	7200	9819	0.9819	1295	42
09x61	7600	9827	0.9827	1278	42
09x61	8000	9840	0.984	1295	41
09x61	8400	9832	0.9832	1289	43.4
09x61	8800	9836	0.9836	1241	47.6
09x61	9200	9842	0.9842	1230	54.8
09x61	9600	9835	0.9835	1238	55
09x61	10000	9841	0.9841	1232	44.4
09x61	0	5286	0.5286	1985	10
09x61	400	8580	0.858	2377	17.8
09x61	800	9041	0.9041	2203	24.6
09x61	1200	9273	0.9273	2024	26
09x61	1600	9412	0.9412	1910	26.8
09x61	2000	9524	0.9524	1831	31.8
09x61	2400	9576	0.9576	1727	32.4
09x61	2800	9627	0.9627	1670	33.8
09x61	3200	9673	0.9673	1607	33.6
09x61	3600	9700	0.97	1548	42.2
09x61	4000	9739	0.9739	1500	36
09x61	4400	9759	0.9759	1463	41.8
09x61	4800	9776	0.9776	1442	44
09x61	5200	9785	0.9785	1419	46.6
09x61	5600	9798	0.9798	1383	45.8
09x61	6000	9808	0.9808	1352	57
09x61	6400	9811	0.9811	1308	44.4
09x61	6800	9821	0.9821	1307	44.4
09x61	7200	9821	0.9821	1280	48.2
09x61	7600	9820	0.982	1251	46.8
09x61	8000	9823	0.9823	1239	45.4
09x61	8400	9835	0.9835	1242	43.6
09x61	8800	9836	0.9836	1206	45
09x61	9200	9844	0.9844	1201	47.2
09x61	9600	9839	0.9839	1188	45.2
09x61	10000	9854	0.9854	1183	51
46x16	0	8069	0.8069	2156	21
46x16	400	9683	0.9683	1426	45.6
46x16	800	9769	0.9769	1205	49.6
46x16	1200	9808	0.9808	1101	63.4
46x16	1600	9835	0.9835	1024	59.2
46x16	2000	9854	0.9854	946	57.6
46x16	2400	9875	0.9875	901	60.6
46x16	2800	9871	0.9871	847	62.8
46x16	3200	9874	0.9874	817	67.2
46x16	3600	9881	0.9881	806	79.2
46x16	4000	9885	0.9885	804	72
46x16	4400	9885	0.9885	794	66.4
46x16	4800	9887	0.9887	777	65
46x16	5200	9896	0.9896	762	62.2
46x16	5600	9893	0.9893	775	82.8
46x16	6000	9894	0.9894	758	87.8
46x16	6400	9895	0.9895	758	83
46x16	6800	9895	0.9895	747	68.8
46x16	7200	9894	0.9894	739	72.6
46x16	7600	9902	0.9902	745	70.8
46x16	8000	9893	0.9893	734	78.4
46x16	8400	9896	0.9896	726	74.2
46x16	8800	9898	0.9898	731	88.4
46x16	9200	9898	0.9898	718	72
46x16	9600	9902	0.9902	700	74.6
46x16	10000	9897	0.9897	701	72.4
46x16	0	8043	0.8043	2136	28
46x16	400	9669	0.9669	1437	38.8
46x16	800	9784	0.9784	1190	48.4
46x16	1200	9829	0.9829	1057	54
46x16	1600	9864	0.9864	1001	59.2
46x16	2000	9868	0.9868	922	56
46x16	2400	9876	0.9876	907	63.2
46x16	2800	9884	0.9884	873	59.8
46x16	3200	9895	0.9895	854	65.8
46x16	3600	9899	0.9899	828	62.2
46x16	4000	9908	0.9908	827	68.4
46x16	4400	9902	0.9902	770	82.2
46x16	4800	9910	0.991	773	73.6
46x16	5200	9907	0.9907	800	63.4
46x16	5600	9907	0.9907	758	62.2
46x16	6000	9908	0.9908	742	70.8
46x16	6400	9914	0.9914	755	68.8
46x16	6800	9906	0.9906	727	65.4
46x16	7200	9912	0.9912	722	67.8
46x16	7600	9920	0.992	725	69.6
46x16	8000	9912	0.9912	719	71
46x16	8400	9912	0.9912	726	64.8
46x16	8800	9912	0.9912	703	74
46x16	9200	9907	0.9907	702	65.6
46x16	9600	9913	0.9913	690	73.2
46x16	10000	9909	0.9909	690	79.4
46x16	0	8059	0.8059	2140	22.4
46x16	400	9689	0.9689	1427	43.6
46x16	800	9788	0.9788	1169	55.4
46x16	1200	9820	0.982	1059	53.8
46x16	1600	9842	0.9842	976	52.8
46x16	2000	9853	0.9853	929	51
46x16	2400	9867	0.9867	903	55.6
46x16	2800	9870	0.987	864	63
46x16	3200	9875	0.9875	828	64
46x16	3600	9883	0.9883	792	62.2
46x16	4000	9889	0.9889	788	65.6
46x16	4400	9891	0.9891	787	59.6
46x16	4800	9897	0.9897	781	64.2
46x16	5200	9890	0.989	771	59.4
46x16	5600	9889	0.9889	739	65.4
46x16	6000	9896	0.9896	710	63
46x16	6400	9890	0.989	760	58
46x16	6800	9890	0.989	735	58.8
46x16	7200	9890	0.989	744	64.6
46x16	7600	9896	0.9896	739	65.6
46x16	8000	9901	0.9901	747	59.6
46x16	8400	9898	0.9898	738	65
46x16	8800	9901	0.9901	722	69
46x16	9200	9903	0.9903	691	69.8
46x16	9600	9901	0.9901	702	64.6
46x16	10000	9894	0.9894	711	73.4
46x16	0	8033	0.8033	2179	27.6
46x16	400	9651	0.9651	1459	40.6
46x16	800	9780	0.978	1241	50
46x16	1200	9818	0.9818	1098	50.2
46x16	1600	9844	0.9844	1008	54.6
46x16	2000	9859	0.9859	954	64.8
46x16	2400	9866	0.9866	899	62
46x16	2800	9879	0.9879	851	71
46x16	3200	9879	0.9879	800	75.6
46x16	3600	9885	0.9885	792	72.6
46x16	4000	9896	0.9896	779	70.8
46x16	4400	9893	0.9893	774	63.8
46x16	4800	9893	0.9893	772	79.8
46x16	5200	9903	0.9903	757	76.8
46x16	5600	9913	0.9913	744	67
46x16	6000	9916	0.9916	722	64.2
46x16	6400	9919	0.9919	756	62
46x16	6800	9910	0.991	727	70.2
46x16	7200	9919	0.9919	728	70.4
46x16	7600	9924	0.9924	713	72.6
46x16	8000	9919	0.9919	717	84
46x16	8400	9919	0.9919	710	83.6
46x16	8800	9903	0.9903	721	67.8
46x16	9200	9909	0.9909	712	64
46x16	9600	9909	0.9909	683	69.6
46x16	10000	9903	0.9903	676	72.8
