MCS	Replica	Neigh	Numero_ag	Tamaño_ag
0	R1	0.45	119	6.4
200	R1	0.732857143	154	10.4
400	R1	0.785714286	153	12
600	R1	0.824285714	154	12.8
800	R1	0.842857143	151	14.2
1000	R1	0.861428571	148	15
1200	R1	0.878571429	142	14
1400	R1	0.894285714	138	15.6
1600	R1	0.905714286	137	15.2
1800	R1	0.911428571	133	16.4
2000	R1	0.917142857	130	15.4
2200	R1	0.917142857	129	15
2400	R1	0.92	122	16.6
2600	R1	0.918571429	122	17.4
2800	R1	0.918571429	120	17.4
3000	R1	0.918571429	117	16.8
3200	R1	0.925714286	116	16.6
3400	R1	0.93	108	20.2
3600	R1	0.927142857	110	20
3800	R1	0.928571429	110	20.8
4000	R1	0.931428571	110	21.2
4200	R1	0.932857143	109	19
4400	R1	0.932857143	108	18.8
4600	R1	0.934285714	106	18.4
4800	R1	0.934285714	103	21.2
5000	R1	0.935714286	103	20.2
5200	R1	0.937142857	101	19.8
5400	R1	0.941428571	97	21.2
5600	R1	0.938571429	96	20.4
5800	R1	0.94	102	20.2
6000	R1	0.94	106	20.2
6200	R1	0.941428571	101	20.8
6400	R1	0.94	97	23.8
6600	R1	0.94	100	19.4
6800	R1	0.941428571	99	16.8
7000	R1	0.937142857	97	20.2
7200	R1	0.941428571	99	22.8
7400	R1	0.941428571	98	22.4
7600	R1	0.941428571	98	25
7800	R1	0.94	96	26.4
8000	R1	0.942857143	93	28.2
8200	R1	0.945714286	96	29.6
8400	R1	0.942857143	101	28.6
8600	R1	0.941428571	100	28.6
8800	R1	0.941428571	99	28.8
9000	R1	0.942857143	93	32
9200	R1	0.944285714	90	34.8
9400	R1	0.941428571	89	28
9600	R1	0.942857143	91	32
9800	R1	0.941428571	91	31.2
10000	R1	0.942857143	89	30.2
0	R2	0.477142857	133	5
200	R2	0.765714286	171	8.4
400	R2	0.828571429	168	9.2
600	R2	0.85	160	9.6
800	R2	0.868571429	154	9.8
1000	R2	0.882857143	147	12
1200	R2	0.882857143	144	13.2
1400	R2	0.898571429	143	13.2
1600	R2	0.904285714	136	14.6
1800	R2	0.915714286	131	17.6
2000	R2	0.917142857	127	19.6
2200	R2	0.921428571	132	17.2
2400	R2	0.927142857	124	19.4
2600	R2	0.927142857	121	19.2
2800	R2	0.932857143	115	20.8
3000	R2	0.934285714	110	20
3200	R2	0.932857143	112	19.8
3400	R2	0.935714286	111	18.8
3600	R2	0.941428571	109	17.8
3800	R2	0.942857143	102	19.2
4000	R2	0.941428571	102	21.4
4200	R2	0.942857143	100	20
4400	R2	0.942857143	107	18.8
4600	R2	0.942857143	101	21
4800	R2	0.942857143	99	19
5000	R2	0.948571429	96	19.6
5200	R2	0.947142857	92	22.8
5400	R2	0.947142857	95	23.8
5600	R2	0.945714286	91	24.8
5800	R2	0.945714286	97	22
6000	R2	0.948571429	96	22.2
6200	R2	0.948571429	97	22.8
6400	R2	0.95	99	23.6
6600	R2	0.95	103	23.6
6800	R2	0.95	104	24.8
7000	R2	0.951428571	100	24.4
7200	R2	0.948571429	97	24.4
7400	R2	0.951428571	90	26.4
7600	R2	0.951428571	93	26.4
7800	R2	0.952857143	88	29.6
8000	R2	0.952857143	94	26.6
8200	R2	0.951428571	94	23.4
8400	R2	0.952857143	91	23.6
8600	R2	0.951428571	87	28
8800	R2	0.952857143	82	30
9000	R2	0.952857143	83	29.2
9200	R2	0.952857143	84	27.4
9400	R2	0.952857143	89	29
9600	R2	0.952857143	84	28.8
9800	R2	0.951428571	78	30.6
10000	R2	0.951428571	77	32.4
0	R3	0.524285714	133	6.4
200	R3	0.788571429	166	10.2
400	R3	0.844285714	166	10
600	R3	0.872857143	161	11
800	R3	0.885714286	158	11.2
1000	R3	0.891428571	150	11.2
1200	R3	0.892857143	141	11.8
1400	R3	0.901428571	141	11.4
1600	R3	0.908571429	139	11.6
1800	R3	0.914285714	136	11.8
2000	R3	0.928571429	136	14
2200	R3	0.935714286	128	15
2400	R3	0.94	128	14.8
2600	R3	0.942857143	125	16
2800	R3	0.947142857	123	16.6
3000	R3	0.948571429	125	15.8
3200	R3	0.947142857	125	16.6
3400	R3	0.95	115	18.6
3600	R3	0.95	120	19.8
3800	R3	0.948571429	116	21.2
4000	R3	0.948571429	115	21.4
4200	R3	0.95	110	23.6
4400	R3	0.948571429	113	22.2
4600	R3	0.948571429	111	19.8
4800	R3	0.951428571	104	21.8
5000	R3	0.951428571	109	19.6
5200	R3	0.952857143	111	18.8
5400	R3	0.955714286	109	21.6
5600	R3	0.957142857	108	20.4
5800	R3	0.958571429	105	19.2
6000	R3	0.958571429	103	21.4
6200	R3	0.958571429	103	25.8
6400	R3	0.958571429	100	25.4
6600	R3	0.957142857	95	26
6800	R3	0.958571429	99	25.6
7000	R3	0.96	96	25.4
7200	R3	0.96	99	25
7400	R3	0.96	96	22.2
7600	R3	0.958571429	99	22.6
7800	R3	0.96	101	20.4
8000	R3	0.957142857	98	20.6
8200	R3	0.96	102	21.2
8400	R3	0.96	101	23.8
8600	R3	0.961428571	102	22.6
8800	R3	0.962857143	100	22
9000	R3	0.961428571	96	23.4
9200	R3	0.962857143	95	23.4
9400	R3	0.96	94	23
9600	R3	0.962857143	96	22.2
9800	R3	0.962857143	96	21
10000	R3	0.96	100	20
0	R4	0.48	127	7
200	R4	0.761428571	160	10.6
400	R4	0.811428571	158	13
600	R4	0.838571429	154	16.4
800	R4	0.867142857	154	16.4
1000	R4	0.881428571	153	16
1200	R4	0.891428571	148	20.2
1400	R4	0.904285714	143	21
1600	R4	0.915714286	141	19
1800	R4	0.917142857	145	18
2000	R4	0.917142857	137	18
2200	R4	0.918571429	134	17.8
2400	R4	0.922857143	129	20
2600	R4	0.927142857	129	20
2800	R4	0.928571429	121	20
3000	R4	0.925714286	120	20.8
3200	R4	0.928571429	125	19.4
3400	R4	0.935714286	121	18.4
3600	R4	0.935714286	118	18
3800	R4	0.935714286	117	20.4
4000	R4	0.94	115	21.4
4200	R4	0.942857143	113	20.8
4400	R4	0.942857143	119	19.4
4600	R4	0.94	114	22
4800	R4	0.938571429	112	21.4
5000	R4	0.94	111	22
5200	R4	0.941428571	108	20.8
5400	R4	0.941428571	104	22
5600	R4	0.942857143	102	24.6
5800	R4	0.945714286	102	20.6
6000	R4	0.945714286	100	20.6
6200	R4	0.944285714	100	20.6
6400	R4	0.944285714	98	20.2
6600	R4	0.947142857	95	24.6
6800	R4	0.947142857	95	26.8
7000	R4	0.945714286	94	26
7200	R4	0.945714286	89	31.8
7400	R4	0.947142857	90	30.2
7600	R4	0.948571429	90	26.6
7800	R4	0.945714286	90	23.2
8000	R4	0.951428571	86	25
8200	R4	0.951428571	84	26.8
8400	R4	0.952857143	87	24
8600	R4	0.951428571	89	24.6
8800	R4	0.951428571	82	23.8
9000	R4	0.952857143	90	24
9200	R4	0.951428571	84	28.2
9400	R4	0.955714286	78	28.4
9600	R4	0.955714286	78	27.6
9800	R4	0.955714286	77	27
10000	R4	0.954285714	79	27.8
0	R5	0.482857143	128	8
200	R5	0.791428571	164	12.2
400	R5	0.835714286	159	12.4
600	R5	0.865714286	155	14.6
800	R5	0.884285714	153	15.4
1000	R5	0.9	150	16.2
1200	R5	0.912857143	147	17.4
1400	R5	0.915714286	143	17.6
1600	R5	0.918571429	140	17.6
1800	R5	0.925714286	133	19.4
2000	R5	0.928571429	128	20.4
2200	R5	0.932857143	130	20.2
2400	R5	0.941428571	127	22.8
2600	R5	0.941428571	120	22.4
2800	R5	0.942857143	121	21.4
3000	R5	0.945714286	119	22
3200	R5	0.947142857	112	19.6
3400	R5	0.952857143	110	20
3600	R5	0.954285714	100	26.4
3800	R5	0.954285714	99	25.4
4000	R5	0.954285714	98	25.6
4200	R5	0.955714286	99	23.8
4400	R5	0.957142857	99	24.4
4600	R5	0.958571429	99	24.8
4800	R5	0.957142857	99	22.6
5000	R5	0.958571429	100	24
5200	R5	0.958571429	95	27.2
5400	R5	0.958571429	92	27.4
5600	R5	0.96	91	30.2
5800	R5	0.96	92	28.6
6000	R5	0.958571429	94	25.2
6200	R5	0.958571429	93	28.2
6400	R5	0.961428571	94	21.8
6600	R5	0.961428571	97	24.2
6800	R5	0.961428571	96	24.6
7000	R5	0.957142857	95	24.8
7200	R5	0.958571429	97	28.6
7400	R5	0.958571429	95	28
7600	R5	0.957142857	93	27.4
7800	R5	0.955714286	92	25
8000	R5	0.961428571	88	26
8200	R5	0.961428571	90	25.2
8400	R5	0.96	86	27
8600	R5	0.958571429	87	25.6
8800	R5	0.96	87	29.4
9000	R5	0.961428571	93	25.8
9200	R5	0.964285714	85	26.8
9400	R5	0.964285714	89	25.2
9600	R5	0.962857143	90	26.4
9800	R5	0.962857143	88	27
10000	R5	0.961428571	87	26
0	R6	0.475714286	127	5.8
200	R6	0.748571429	161	7.8
400	R6	0.825714286	163	10.8
600	R6	0.848571429	156	11.2
800	R6	0.88	152	12.4
1000	R6	0.891428571	145	11.8
1200	R6	0.898571429	148	12
1400	R6	0.904285714	142	11.6
1600	R6	0.915714286	139	12
1800	R6	0.922857143	126	12.8
2000	R6	0.925714286	127	14.2
2200	R6	0.928571429	122	16.8
2400	R6	0.928571429	117	16
2600	R6	0.93	114	19.8
2800	R6	0.931428571	114	19.4
3000	R6	0.934285714	110	19.6
3200	R6	0.934285714	112	20.4
3400	R6	0.932857143	110	19.6
3600	R6	0.932857143	110	18.4
3800	R6	0.935714286	107	20.4
4000	R6	0.94	108	18.6
4200	R6	0.94	108	19.8
4400	R6	0.944285714	109	21.2
4600	R6	0.942857143	105	20.4
4800	R6	0.95	107	20.6
5000	R6	0.948571429	103	22
5200	R6	0.947142857	106	24.2
5400	R6	0.945714286	106	23.6
5600	R6	0.944285714	104	21
5800	R6	0.945714286	98	23.6
6000	R6	0.947142857	101	22
6200	R6	0.952857143	105	20.8
6400	R6	0.952857143	104	19
6600	R6	0.954285714	102	18.8
6800	R6	0.957142857	99	19.8
7000	R6	0.957142857	100	19
7200	R6	0.957142857	94	22
7400	R6	0.958571429	94	22.4
7600	R6	0.955714286	98	21.8
7800	R6	0.957142857	93	20.8
8000	R6	0.961428571	102	20.6
8200	R6	0.962857143	96	22.2
8400	R6	0.962857143	95	22
8600	R6	0.96	94	21.8
8800	R6	0.958571429	98	20.4
9000	R6	0.96	95	22.2
9200	R6	0.961428571	96	20.8
9400	R6	0.958571429	92	21
9600	R6	0.96	90	22.4
9800	R6	0.962857143	93	23.8
10000	R6	0.962857143	95	25.8
0	R7	0.467142857	128	5.6
200	R7	0.774285714	171	11.2
400	R7	0.814285714	167	11.2
600	R7	0.841428571	161	12.6
800	R7	0.855714286	155	12
1000	R7	0.874285714	159	12
1200	R7	0.884285714	151	11.2
1400	R7	0.89	153	11.6
1600	R7	0.901428571	145	14
1800	R7	0.901428571	138	14.8
2000	R7	0.907142857	139	15.2
2200	R7	0.908571429	140	14.6
2400	R7	0.92	136	15
2600	R7	0.924285714	134	14.4
2800	R7	0.924285714	128	16.2
3000	R7	0.93	126	17.4
3200	R7	0.932857143	123	16
3400	R7	0.931428571	126	17.8
3600	R7	0.937142857	123	18
3800	R7	0.937142857	120	19
4000	R7	0.937142857	122	17.8
4200	R7	0.938571429	116	19.6
4400	R7	0.938571429	115	20.2
4600	R7	0.938571429	113	19.4
4800	R7	0.938571429	114	18.6
5000	R7	0.938571429	116	19
5200	R7	0.937142857	112	18.4
5400	R7	0.938571429	109	18.6
5600	R7	0.942857143	111	18.8
5800	R7	0.944285714	107	21.6
6000	R7	0.945714286	104	21.2
6200	R7	0.944285714	103	21.4
6400	R7	0.945714286	104	22
6600	R7	0.947142857	99	22.2
6800	R7	0.948571429	102	17.4
7000	R7	0.947142857	97	20.4
7200	R7	0.948571429	105	18
7400	R7	0.95	94	23.4
7600	R7	0.95	100	20.4
7800	R7	0.947142857	96	20.6
8000	R7	0.944285714	96	20.6
8200	R7	0.95	92	21.8
8400	R7	0.951428571	92	21.4
8600	R7	0.948571429	90	21.6
8800	R7	0.95	91	22.8
9000	R7	0.952857143	97	22
9200	R7	0.952857143	92	25.2
9400	R7	0.952857143	89	25
9600	R7	0.952857143	96	22.8
9800	R7	0.952857143	92	25.8
10000	R7	0.95	88	25
0	R8	0.545714286	146	6.6
200	R8	0.792857143	170	9
400	R8	0.835714286	167	8.6
600	R8	0.862857143	160	10
800	R8	0.884285714	157	10.2
1000	R8	0.895714286	151	12
1200	R8	0.914285714	138	14.6
1400	R8	0.921428571	138	16
1600	R8	0.927142857	132	18.8
1800	R8	0.938571429	131	17
2000	R8	0.941428571	123	19.8
2200	R8	0.948571429	116	23
2400	R8	0.95	113	23
2600	R8	0.95	113	21.6
2800	R8	0.95	115	22.8
3000	R8	0.952857143	119	22.4
3200	R8	0.955714286	111	21.8
3400	R8	0.957142857	103	23.2
3600	R8	0.958571429	103	22.8
3800	R8	0.96	104	24.2
4000	R8	0.96	103	23.8
4200	R8	0.958571429	106	23.6
4400	R8	0.958571429	102	20.8
4600	R8	0.961428571	97	24.8
4800	R8	0.962857143	98	22.4
5000	R8	0.962857143	92	23
5200	R8	0.962857143	91	22
5400	R8	0.964285714	96	19.8
5600	R8	0.964285714	91	25.8
5800	R8	0.961428571	91	25.4
6000	R8	0.958571429	93	23.2
6200	R8	0.961428571	94	23.4
6400	R8	0.965714286	89	25.6
6600	R8	0.965714286	89	23.8
6800	R8	0.965714286	91	24.2
7000	R8	0.965714286	94	23.8
7200	R8	0.967142857	92	19.8
7400	R8	0.964285714	88	22.2
7600	R8	0.962857143	83	24.8
7800	R8	0.964285714	80	26.6
8000	R8	0.964285714	81	28.8
8200	R8	0.965714286	78	28.4
8400	R8	0.962857143	78	25.6
8600	R8	0.965714286	81	24.6
8800	R8	0.964285714	81	26.6
9000	R8	0.961428571	80	30
9200	R8	0.96	80	26.8
9400	R8	0.961428571	80	26.8
9600	R8	0.957142857	81	24.8
9800	R8	0.961428571	88	24.8
10000	R8	0.961428571	83	24.8
0	R9	0.51	139	5.8
200	R9	0.752857143	166	11.6
400	R9	0.83	162	13.2
600	R9	0.857142857	152	14.6
800	R9	0.868571429	150	15.8
1000	R9	0.884285714	140	15.6
1200	R9	0.888571429	131	17.2
1400	R9	0.895714286	127	17
1600	R9	0.901428571	125	15.8
1800	R9	0.908571429	122	16.4
2000	R9	0.905714286	117	20
2200	R9	0.912857143	116	18
2400	R9	0.921428571	113	21.4
2600	R9	0.921428571	110	19.2
2800	R9	0.922857143	99	21.2
3000	R9	0.922857143	99	21
3200	R9	0.928571429	98	20.8
3400	R9	0.927142857	102	19.4
3600	R9	0.931428571	104	18.4
3800	R9	0.932857143	93	20.6
4000	R9	0.935714286	93	22.6
4200	R9	0.94	92	29
4400	R9	0.94	92	24.8
4600	R9	0.942857143	95	22.8
4800	R9	0.942857143	91	24
5000	R9	0.944285714	90	25
5200	R9	0.947142857	91	26.4
5400	R9	0.948571429	88	24.8
5600	R9	0.948571429	87	25.8
5800	R9	0.947142857	91	24
6000	R9	0.948571429	88	24.8
6200	R9	0.95	90	24
6400	R9	0.95	90	24.6
6600	R9	0.948571429	89	26.2
6800	R9	0.951428571	89	28.4
7000	R9	0.952857143	90	32.2
7200	R9	0.954285714	91	29.8
7400	R9	0.954285714	88	30
7600	R9	0.954285714	85	26.4
7800	R9	0.952857143	87	29
8000	R9	0.954285714	86	28.6
8200	R9	0.952857143	79	27.6
8400	R9	0.952857143	84	24.8
8600	R9	0.955714286	87	25.8
8800	R9	0.955714286	85	25.8
9000	R9	0.955714286	84	27.8
9200	R9	0.954285714	85	24.4
9400	R9	0.954285714	89	23.8
9600	R9	0.957142857	88	22.8
9800	R9	0.957142857	86	24
10000	R9	0.955714286	82	26.2
0	R10	0.505714286	138	6.2
200	R10	0.788571429	171	10
400	R10	0.828571429	173	7.6
600	R10	0.852857143	161	12
800	R10	0.872857143	158	14.2
1000	R10	0.885714286	148	15
1200	R10	0.895714286	145	15.6
1400	R10	0.905714286	140	14.8
1600	R10	0.91	130	19.4
1800	R10	0.912857143	134	15.6
2000	R10	0.921428571	132	16
2200	R10	0.921428571	129	16
2400	R10	0.93	126	18.8
2600	R10	0.935714286	128	17.8
2800	R10	0.94	123	20.8
3000	R10	0.942857143	122	20.6
3200	R10	0.945714286	118	20.8
3400	R10	0.945714286	115	17.8
3600	R10	0.947142857	115	16.4
3800	R10	0.947142857	105	22.2
4000	R10	0.947142857	104	21.6
4200	R10	0.947142857	102	18.6
4400	R10	0.945714286	99	22.6
4600	R10	0.945714286	104	22.6
4800	R10	0.947142857	96	24.4
5000	R10	0.947142857	96	25
5200	R10	0.947142857	94	23
5400	R10	0.947142857	94	25.2
5600	R10	0.945714286	92	26
5800	R10	0.944285714	89	25.2
6000	R10	0.95	92	24.2
6200	R10	0.948571429	92	26.8
6400	R10	0.95	93	23.2
6600	R10	0.95	97	22.8
6800	R10	0.95	95	25.6
7000	R10	0.951428571	99	25.6
7200	R10	0.951428571	97	24.8
7400	R10	0.951428571	99	26.2
7600	R10	0.951428571	90	25.4
7800	R10	0.951428571	92	28
8000	R10	0.951428571	87	28
8200	R10	0.951428571	85	29
8400	R10	0.95	91	26
8600	R10	0.954285714	80	30.4
8800	R10	0.954285714	80	30
9000	R10	0.954285714	86	25.2
9200	R10	0.952857143	85	30.4
9400	R10	0.952857143	83	31.2
9600	R10	0.955714286	84	29.6
9800	R10	0.954285714	85	27.8
10000	R10	0.954285714	85	27.8
